0.16899800300598145,0.0
0.03600311279296875,0.0
0.0319981575012207,0.0
0.04599785804748535,0.0
0.030000925064086914,0.0
0.031000852584838867,-1.9652429728012066e-07
0.03200030326843262,1.590590699152017e-07
0.03100132942199707,1.590590699152017e-07
0.031996726989746094,-2.393400961864245e-07
0.045000553131103516,-5.716139384048802e-08
0.032000064849853516,1.3810920052037545e-07
0.031000137329101562,-4.879020565340397e-08
0.03099966049194336,-2.850872427018203e-08
0.031000614166259766,3.368746490650665e-07
0.0311124324798584,-2.4742496407270664e-07
0.03199958801269531,1.0902810032575871e-07
0.03200078010559082,1.0902810032575871e-07
0.046999454498291016,7.852806049868377e-08
0.031000137329101562,8.526926364993415e-08
0.031999826431274414,0.0
0.030996084213256836,1.5317116464075298e-08
0.03099989891052246,1.9723739086430214e-08
0.029999971389770508,0.0009064051555469632
0.030993938446044922,0.0009064051555469632
0.04699993133544922,0.1704886257648468
0.031000137329101562,0.36286765336990356
0.030901670455932617,0.4441426992416382
0.029993772506713867,0.5162861347198486
0.031000375747680664,0.6223081946372986
0.03209996223449707,0.77614426612854
0.03199958801269531,0.77614426612854
0.04699993133544922,1.02012300491333
0.031000137329101562,1.097025990486145
0.03100109100341797,1.1672934293746948
0.032006025314331055,1.267605185508728
0.03200030326843262,1.3348313570022583
0.03199934959411621,1.4241043329238892
0.031999826431274414,1.5924909114837646
0.02999591827392578,1.6543318033218384
0.03200030326843262,1.6543318033218384
0.04700016975402832,1.893149733543396
0.032030344009399414,1.9550018310546875
0.031000137329101562,2.0293149948120117
0.031999826431274414,2.1963887214660645
0.03099966049194336,2.256364107131958
0.031000375747680664,2.3300912380218506
0.032000064849853516,2.4082586765289307
0.0308382511138916,2.4082586765289307
0.04599952697753906,2.6458241939544678
0.031000137329101562,2.7057137489318848
0.030172109603881836,2.8395140171051025
0.03199958801269531,2.9119069576263428
0.03200078010559082,2.9931466579437256
0.03199887275695801,3.066066026687622
0.032000064849853516,3.1265738010406494
0.03200078010559082,3.1265738010406494
0.047998905181884766,3.4030046463012695
0.03200030326843262,3.494436264038086
0.030999183654785156,3.5527594089508057
0.03187274932861328,3.6170690059661865
0.032000064849853516,3.7509615421295166
0.03199934959411621,3.8260154724121094
0.03113389015197754,3.8942110538482666
0.031000137329101562,3.957257032394409
0.031000375747680664,3.957257032394409
0.046999216079711914,4.155513763427734
0.031000375747680664,4.214757442474365
0.032000064849853516,4.347753524780273
0.032003164291381836,4.403763771057129
0.031996726989746094,4.461719036102295
0.03200078010559082,4.586692810058594
0.03199887275695801,4.638941764831543
0.030000686645507812,4.693238258361816
0.04599928855895996,4.811505317687988
0.03200101852416992,4.857298374176025
0.030998945236206055,4.903954029083252
0.032000064849853516,5.004380226135254
0.030948638916015625,5.053954601287842
0.03000020980834961,5.098823547363281
0.03199911117553711,5.156455993652344
0.031000852584838867,5.156455993652344
0.04700112342834473,5.194001197814941
0.03099822998046875,5.161464691162109
0.032003164291381836,5.299057960510254
0.0319974422454834,5.375853061676025
0.030999422073364258,5.350039958953857
0.032000064849853516,5.372513771057129
0.03100132942199707,5.266155242919922
0.030998706817626953,5.266155242919922
0.03201627731323242,5.121373176574707
0.04700016975402832,4.979653358459473
0.032000064849853516,5.05058479309082
0.03099822998046875,5.128612518310547
0.030997753143310547,4.986512184143066
0.03199958801269531,5.0657148361206055
0.031007051467895508,5.109643459320068
0.03199911117553711,4.9830641746521
0.04600048065185547,5.031714916229248
0.03198122978210449,5.059165000915527
0.031999826431274414,5.005415916442871
0.03200078010559082,5.010647296905518
0.031023263931274414,4.9613037109375
0.0319974422454834,4.980119228363037
0.031000137329101562,4.963267803192139
0.031011343002319336,4.957794666290283
0.03199434280395508,4.9524078369140625
0.047000885009765625,4.940375804901123
0.031999826431274414,4.931743621826172
0.03199958801269531,4.927910804748535
0.031000375747680664,4.9232940673828125
0.031996965408325195,4.916927337646484
0.03099989891052246,4.914312839508057
0.031000375747680664,4.911202907562256
0.031000137329101562,4.908961772918701
0.032000064849853516,4.908961772918701
0.04799985885620117,4.902348041534424
0.030989885330200195,4.901322364807129
0.03199911117553711,4.900449275970459
0.03200030326843262,4.899117469787598
0.0309903621673584,4.898831844329834
0.03099989891052246,4.8986616134643555
0.031000137329101562,4.898666858673096
0.03104233741760254,4.898666858673096
0.04700040817260742,4.89944314956665
0.03199958801269531,4.900257587432861
0.03182387351989746,4.900730133056641
0.032000064849853516,4.901267051696777
0.030999183654785156,4.902787685394287
0.031139373779296875,4.9034528732299805
0.03200078010559082,4.905050754547119
0.030999183654785156,4.905770778656006
0.03200030326843262,4.905770778656006
0.046000003814697266,4.907897472381592
0.032000064849853516,4.909177303314209
0.030993938446044922,4.909788131713867
0.030999422073364258,4.9104108810424805
0.03199958801269531,4.911925315856934
0.0319974422454834,4.91249942779541
0.03199934959411621,4.913724422454834
0.031000375747680664,4.913724422454834
0.03203392028808594,4.914660453796387
0.04799938201904297,4.915543079376221
0.03200054168701172,4.916238784790039
0.029961824417114258,4.9165263175964355
0.030999422073364258,4.917205810546875
0.03100109100341797,4.917498588562012
0.03199934959411621,4.917738914489746
0.02971506118774414,4.917738914489746
0.047693729400634766,4.918417930603027
0.03151965141296387,4.918503761291504
0.031058073043823242,4.918563365936279
0.03145742416381836,4.918766975402832
0.03100132942199707,4.918854236602783
0.03132820129394531,4.918917655944824
0.03029012680053711,4.918917655944824
0.046404123306274414,4.918948173522949
0.032000064849853516,4.918882846832275
0.031999826431274414,4.918757438659668
0.032000064849853516,4.918760776519775
0.031999826431274414,4.918795108795166
0.031999826431274414,4.918817043304443
0.03148293495178223,4.918807029724121
0.031215906143188477,4.918730735778809
0.03200030326843262,4.918682098388672
0.031999826431274414,4.918682098388672
0.04700016975402832,4.9183549880981445
0.03199911117553711,4.918269634246826
0.031147480010986328,4.918108940124512
0.031999826431274414,4.918104648590088
0.031001567840576172,4.918159484863281
0.03022480010986328,4.918210029602051
0.03070831298828125,4.918217658996582
0.04689192771911621,4.918166160583496
0.03199934959411621,4.918128967285156
0.03200078010559082,4.9180216789245605
0.03199934959411621,4.918145656585693
0.03200244903564453,4.918207168579102
0.031998634338378906,4.918259143829346
0.032000064849853516,4.918323040008545
0.03199911117553711,4.918329238891602
0.029999732971191406,4.918299198150635
0.04600024223327637,4.918246269226074
0.031999826431274414,4.918202877044678
0.032000064849853516,4.91820764541626
0.030247211456298828,4.91829776763916
0.03199958801269531,4.9185028076171875
0.03200030326843262,4.918585777282715
0.032000064849853516,4.91869592666626
0.03099989891052246,4.9187140464782715
0.031000137329101562,4.9187140464782715
0.04699969291687012,4.918642997741699
0.03200030326843262,4.918595790863037
0.031000614166259766,4.918476581573486
0.03199911117553711,4.918517589569092
0.031999826431274414,4.918635368347168
0.031000614166259766,4.918670177459717
0.031000137329101562,4.918690204620361
0.03099989891052246,4.918690204620361
0.046999454498291016,4.918581008911133
0.031000614166259766,4.918458461761475
0.031001567840576172,4.918383598327637
0.0319979190826416,4.918323993682861
0.030715465545654297,4.918233394622803
0.031287193298339844,4.918181419372559
0.0319974422454834,4.91810417175293
0.031000375747680664,4.91810417175293
0.04599928855895996,4.917840957641602
0.031999826431274414,4.917525768280029
0.031000375747680664,4.9174323081970215
0.03100132942199707,4.9173583984375
0.03199887275695801,4.917243003845215
0.029999971389770508,4.917193412780762
0.032004356384277344,4.917193412780762
0.04699563980102539,4.916954040527344
0.029999971389770508,4.916825771331787
0.029999971389770508,4.9167656898498535
0.031000137329101562,4.916726112365723
0.031000137329101562,4.916708469390869
0.03099966049194336,4.916708469390869
0.04699993133544922,4.916565895080566
0.031000614166259766,4.916526794433594
0.030999422073364258,4.916481971740723
0.031000137329101562,4.916470050811768
0.03200030326843262,4.9164886474609375
0.03199958801269531,4.916487693786621
0.03200030326843262,4.916463375091553
0.032000064849853516,4.916456699371338
0.031999826431274414,4.916456699371338
0.04500007629394531,4.91640567779541
0.031073331832885742,4.916385173797607
0.03060007095336914,4.916372299194336
0.030999183654785156,4.916379928588867
0.03000020980834961,4.916457176208496
0.04600024223327637,4.91649055480957
0.032000064849853516,4.9164838790893555
0.03199958801269531,4.9164652824401855
0.03100109100341797,4.916512966156006
0.03199911117553711,4.916675567626953
0.03100109100341797,4.916745662689209
0.030999422073364258,4.9168500900268555
0.03199958801269531,4.916896343231201
0.046000003814697266,4.916971206665039
0.03099989891052246,4.91697883605957
0.031000137329101562,4.917105674743652
0.03199958801269531,4.917236804962158
0.031001806259155273,4.917517185211182
0.03151273727416992,4.917632102966309
0.032000064849853516,4.917850494384766
0.03099989891052246,4.917850494384766
0.04699969291687012,4.918041706085205
0.03200364112854004,4.91805362701416
0.031996726989746094,4.918044090270996
0.031999826431274414,4.9180755615234375
0.031000137329101562,4.918099880218506
0.031000137329101562,4.9181108474731445
0.029999494552612305,4.9180908203125
0.031000852584838867,4.9180908203125
0.04799938201904297,4.917964935302734
0.031999826431274414,4.91780948638916
0.03200030326843262,4.917740345001221
0.03200244903564453,4.917665958404541
0.0319974422454834,4.917604446411133
0.031000137329101562,4.917579174041748
0.032000064849853516,4.917513370513916
0.031002044677734375,4.917456150054932
0.03199887275695801,4.917370319366455
0.04599881172180176,4.917276382446289
0.03100109100341797,4.917143821716309
0.03199911117553711,4.9170613288879395
0.032000064849853516,4.91707706451416
0.03199958801269531,4.917171001434326
0.032001495361328125,4.917208671569824
0.03199911117553711,4.917255401611328
0.03199934959411621,4.917266368865967
0.031000137329101562,4.9172821044921875
0.04600048065185547,4.917275428771973
0.030999422073364258,4.917241096496582
0.031001806259155273,4.917211055755615
0.03199934959411621,4.917250156402588
0.031998634338378906,4.917383193969727
0.03000044822692871,4.917461395263672
0.032004356384277344,4.917485237121582
0.030995607376098633,4.917485237121582
0.04699993133544922,4.917481899261475
0.03200078010559082,4.9174604415893555
0.031000375747680664,4.917418956756592
0.03199887275695801,4.917565822601318
0.03200030326843262,4.91763973236084
0.03200030326843262,4.917776107788086
0.031999826431274414,4.917851448059082
0.031000137329101562,4.917871475219727
0.03099966049194336,4.917871475219727
0.04600024223327637,4.917870998382568
0.031999826431274414,4.917840003967285
0.032000064849853516,4.917782306671143
0.03099966049194336,4.917898654937744
0.032000064849853516,4.917956829071045
0.031999826431274414,4.918046474456787
0.032000064849853516,4.918079376220703
0.032000064849853516,4.9180755615234375
0.031000137329101562,4.9180755615234375
0.04699969291687012,4.917994976043701
0.032000064849853516,4.91791296005249
0.031000375747680664,4.9178009033203125
0.031000375747680664,4.917811393737793
0.03199958801269531,4.917878150939941
0.03099966049194336,4.9178900718688965
0.03200030326843262,4.917893886566162
0.03099966049194336,4.917893886566162
0.04700016975402832,4.917788028717041
0.031000375747680664,4.9177045822143555
0.031999826431274414,4.9176554679870605
0.03099989891052246,4.917601108551025
0.03200030326843262,4.917582035064697
0.03199934959411621,4.91756534576416
0.031004905700683594,4.917490482330322
0.03199577331542969,4.917428970336914
0.03199934959411621,4.917428970336914
0.04699993133544922,4.917236328125
0.031000614166259766,4.917150020599365
0.03099966049194336,4.91709041595459
0.03099989891052246,4.917052268981934
0.03099989891052246,4.917049884796143
0.031001567840576172,4.91701602935791
0.030998945236206055,4.91701602935791
0.04659104347229004,4.916886329650879
0.032000064849853516,4.916792869567871
0.03199958801269531,4.916719436645508
0.031000375747680664,4.916693687438965
0.030999422073364258,4.916692733764648
0.032000064849853516,4.916685104370117
0.031000614166259766,4.916678428649902
0.03099989891052246,4.916678428649902
0.04699993133544922,4.916615962982178
0.030999422073364258,4.916572570800781
0.029999971389770508,4.916563510894775
0.031000375747680664,4.916704177856445
0.03089165687561035,4.916821002960205
0.031999826431274414,4.916861534118652
0.03099989891052246,4.916861534118652
0.048000335693359375,4.916927814483643
0.03099989891052246,4.91691780090332
0.03099989891052246,4.916891574859619
0.031000137329101562,4.916940689086914
0.032000064849853516,4.917092323303223
0.031999826431274414,4.917206764221191
0.029999971389770508,4.917238712310791
0.032000064849853516,4.917238712310791
0.045999765396118164,4.917301654815674
0.031000375747680664,4.917290210723877
0.031999826431274414,4.9172797203063965
0.030948162078857422,4.917320251464844
0.03099966049194336,4.917364597320557
0.031999826431274414,4.9173760414123535
0.03000020980834961,4.9173760414123535
0.04699993133544922,4.9173078536987305
0.03099989891052246,4.917278289794922
0.029999971389770508,4.917207717895508
0.03200078010559082,4.917234420776367
0.03200125694274902,4.917251110076904
0.03199887275695801,4.91721773147583
0.03199958801269531,4.917207717895508
0.031002044677734375,4.917207717895508
0.0469975471496582,4.917091369628906
0.031000137329101562,4.9170379638671875
0.031717538833618164,4.916991233825684
0.03099966049194336,4.916964530944824
0.031080961227416992,4.91696310043335
0.030106782913208008,4.9169535636901855
0.031999826431274414,4.9169535636901855
0.04499983787536621,4.916845798492432
0.03200054168701172,4.916769027709961
0.03199887275695801,4.916711807250977
0.03200054168701172,4.916707515716553
0.03099966049194336,4.916714191436768
0.031000375747680664,4.916720867156982
0.031999826431274414,4.916730880737305
0.031000137329101562,4.916730880737305
0.046000003814697266,4.91667366027832
0.031999826431274414,4.916628837585449
0.03099989891052246,4.916601657867432
0.03099989891052246,4.916604042053223
0.031000137329101562,4.9166259765625
0.03200054168701172,4.9166412353515625
0.030999183654785156,4.9166412353515625
0.04500007629394531,4.9166154861450195
0.03000044822692871,4.916595458984375
0.03099966049194336,4.916579246520996
0.031999826431274414,4.91673469543457
0.030000686645507812,4.91681432723999
0.03100109100341797,4.91681432723999
0.047998666763305664,4.917036533355713
0.03200054168701172,4.917081356048584
0.031998634338378906,4.917105674743652
0.03200101852416992,4.9171671867370605
0.03201556205749512,4.917354106903076
0.030983686447143555,4.91744327545166
0.03000020980834961,4.917562961578369
0.032000064849853516,4.9176106452941895
0.031000375747680664,4.9176106452941895
0.04599952697753906,4.917638301849365
0.03200030326843262,4.917625427246094
0.032000064849853516,4.91757869720459
0.03200030326843262,4.917648792266846
0.030999422073364258,4.917818069458008
0.029999971389770508,4.917882442474365
0.031000137329101562,4.917882442474365
0.04700183868408203,4.918023109436035
0.030872821807861328,4.91799259185791
0.03059697151184082,4.917958736419678
0.03153395652770996,4.917983055114746
0.03199934959411621,4.918076038360596
0.03200054168701172,4.9181013107299805
0.031999826431274414,4.918093204498291
0.03000020980834961,4.918093204498291
0.04599928855895996,4.917962074279785
0.031999826431274414,4.917930603027344
0.03200078010559082,4.917819499969482
0.031999826431274414,4.917867183685303
0.031000852584838867,4.917975902557373
0.03199911117553711,4.918059825897217
0.03099989891052246,4.918090343475342
0.030999422073364258,4.918090343475342
0.04700064659118652,4.9180588722229
0.030999422073364258,4.918030261993408
0.03200078010559082,4.917954921722412
0.03200054168701172,4.9179182052612305
0.032000064849853516,4.917901515960693
0.03199887275695801,4.9178361892700195
0.032000064849853516,4.917737007141113
0.031000137329101562,4.917665481567383
0.03100109100341797,4.917665481567383
0.04699873924255371,4.917405605316162
0.03200030326843262,4.9173479080200195
0.031000375747680664,4.91722297668457
0.03099989891052246,4.917153358459473
0.032000064849853516,4.917133331298828
0.031999826431274414,4.917074680328369
0.031000137329101562,4.916975021362305
0.03099966049194336,4.916975021362305
0.04700016975402832,4.916836261749268
0.031999826431274414,4.916732311248779
0.031999826431274414,4.91664981842041
0.03200030326843262,4.9167280197143555
0.03099966049194336,4.916785717010498
0.03099989891052246,4.916869640350342
0.031000852584838867,4.916932106018066
0.03199911117553711,4.916967868804932
0.04600214958190918,4.916965484619141
0.031998634338378906,4.916935920715332
0.03199911117553711,4.916930675506592
0.03200054168701172,4.916971206665039
0.031000614166259766,4.917098045349121
0.03199934959411621,4.917212009429932
0.031999826431274414,4.917277812957764
0.03000044822692871,4.91730260848999
0.031000137329101562,4.91730260848999
0.04800105094909668,4.91732120513916
0.031998634338378906,4.917284965515137
0.030999422073364258,4.917224884033203
0.03200054168701172,4.917311668395996
0.031000137329101562,4.917360782623291
0.03199934959411621,4.917449951171875
0.03200030326843262,4.917483806610107
0.03200054168701172,4.9174933433532715
0.03199934959411621,4.917470455169678
0.03200030326843262,4.917470455169678
0.046000003814697266,4.917421817779541
0.03099966049194336,4.917356967926025
0.03200054168701172,4.917314529418945
0.031077861785888672,4.917347431182861
0.031128883361816406,4.917452812194824
0.031000375747680664,4.917516231536865
0.03146934509277344,4.917516231536865
0.047000885009765625,4.917525291442871
0.031998634338378906,4.917510032653809
0.03200101852416992,4.917464256286621
0.03199934959411621,4.917602062225342
0.032000064849853516,4.917665481567383
0.031999826431274414,4.917791366577148
0.029999971389770508,4.917876243591309
0.029999494552612305,4.917925834655762
0.03200101852416992,4.917925834655762
0.04799962043762207,4.917888164520264
0.031000375747680664,4.917858123779297
0.031001806259155273,4.917784214019775
0.0319979190826416,4.917815685272217
0.03200030326843262,4.917822360992432
0.03199934959411621,4.9178009033203125
0.032000064849853516,4.917738437652588
0.031000375747680664,4.917691707611084
0.03099989891052246,4.917691707611084
0.04700016975402832,4.917503356933594
0.03099966049194336,4.917457580566406
0.03200030326843262,4.917336940765381
0.03099966049194336,4.91733980178833
0.031000137329101562,4.917333602905273
0.03000020980834961,4.917316913604736
0.031999826431274414,4.917316913604736
0.04699993133544922,4.917181491851807
0.03199958801269531,4.917082786560059
0.03200030326843262,4.917085647583008
0.03200101852416992,4.91715669631958
0.03199934959411621,4.917366027832031
0.03199934959411621,4.917538166046143
0.031000375747680664,4.917649745941162
0.031000852584838867,4.917690753936768
0.030999183654785156,4.917690753936768
0.04700016975402832,4.9177703857421875
0.031000137329101562,4.917745590209961
0.029999732971191406,4.917716979980469
0.03200030326843262,4.917830944061279
0.032000064849853516,4.917897701263428
0.03199934959411621,4.917980194091797
0.032000064849853516,4.918022155761719
0.03200030326843262,4.918026447296143
0.045999765396118164,4.917998790740967
0.031000375747680664,4.917959690093994
0.031999826431274414,4.917943000793457
0.031000137329101562,4.918046951293945
0.031000852584838867,4.918113708496094
0.03199934959411621,4.918125629425049
0.03099966049194336,4.918107986450195
0.031000852584838867,4.918107986450195
0.046999454498291016,4.917932510375977
0.031999826431274414,4.917843818664551
0.03199934959411621,4.91778564453125
0.03200054168701172,4.917724132537842
0.03199958801269531,4.917692184448242
0.03099989891052246,4.917646884918213
0.03200078010559082,4.917634010314941
0.03099966049194336,4.91753625869751
0.031000375747680664,4.91753625869751
0.04699993133544922,4.917356014251709
0.03099989891052246,4.917235851287842
0.03199934959411621,4.9171271324157715
0.03200054168701172,4.917144775390625
0.029999971389770508,4.917209625244141
0.031000137329101562,4.9172515869140625
0.032000064849853516,4.917261123657227
0.04599952697753906,4.9172234535217285
0.031000375747680664,4.917165756225586
0.03099989891052246,4.91715145111084
0.032000064849853516,4.91716194152832
0.031999826431274414,4.9171953201293945
0.032000064849853516,4.917203903198242
0.032000064849853516,4.917195796966553
0.03200030326843262,4.91718053817749
0.03199958801269531,4.9171576499938965
0.04600024223327637,4.917105674743652
0.030999422073364258,4.91706657409668
0.031000375747680664,4.917027950286865
0.031999826431274414,4.917020320892334
0.03200054168701172,4.917030334472656
0.031999826431274414,4.917011260986328
0.03199958801269531,4.91696310043335
0.03200030326843262,4.916914939880371
0.03000020980834961,4.916914939880371
0.04699993133544922,4.916836738586426
0.030999422073364258,4.91677713394165
0.031000375747680664,4.916720867156982
0.032000064849853516,4.9166717529296875
0.031000137329101562,4.916661739349365
0.03099966049194336,4.916642189025879
0.031000375747680664,4.916642189025879
0.046999454498291016,4.916499614715576
0.03200078010559082,4.916429042816162
0.03199934959411621,4.916451454162598
0.03200030326843262,4.916508197784424
0.031002044677734375,4.916639804840088
0.0319979190826416,4.916759014129639
0.032000064849853516,4.916840553283691
0.030999422073364258,4.916867733001709
0.031000614166259766,4.916867733001709
0.04700016975402832,4.916945934295654
0.03100752830505371,4.916938781738281
0.03199195861816406,4.916952610015869
0.032000064849853516,4.917110443115234
0.031000614166259766,4.917191982269287
0.03199958801269531,4.917425632476807
0.03099966049194336,4.917511463165283
0.031999826431274414,4.917545795440674
0.03200054168701172,4.917545795440674
0.04699993133544922,4.917604446411133
0.03099966049194336,4.9175872802734375
0.03100109100341797,4.917588233947754
0.03199934959411621,4.917717933654785
0.03200078010559082,4.917796611785889
0.030999183654785156,4.9179534912109375
0.032000064849853516,4.917975902557373
0.030002355575561523,4.917975902557373
0.047997474670410156,4.91797399520874
0.03099966049194336,4.917905330657959
0.03200030326843262,4.917880058288574
0.03199934959411621,4.917865753173828
0.031000614166259766,4.917891502380371
0.031000137329101562,4.917905330657959
0.031553030014038086,4.917885780334473
0.031000614166259766,4.917885780334473
0.046999454498291016,4.917794227600098
0.032000064849853516,4.917665004730225
0.03200054168701172,4.91756534576416
0.030998945236206055,4.9175825119018555
0.031000375747680664,4.917665481567383
0.031999826431274414,4.917678356170654
0.031000137329101562,4.91768741607666
0.031999826431274414,4.917654514312744
0.03200030326843262,4.917654514312744
0.046999216079711914,4.9175190925598145
0.031000137329101562,4.917466163635254
0.03200101852416992,4.917389869689941
0.03119206428527832,4.9173970222473145
0.03157401084899902,4.917488098144531
0.030999422073364258,4.917545795440674
0.03200078010559082,4.917555809020996
0.030999422073364258,4.917555809020996
0.04700016975402832,4.917505264282227
0.03200030326843262,4.917495250701904
0.031001567840576172,4.917469024658203
0.0319981575012207,4.917527198791504
0.03199958801269531,4.91770076751709
0.031000375747680664,4.9178466796875
0.03099966049194336,4.917915344238281
0.031999826431274414,4.917943000793457
0.031000375747680664,4.917943000793457
0.04799985885620117,4.9179277420043945
0.03100109100341797,4.917901992797852
0.03199887275695801,4.917834758758545
0.031999826431274414,4.917878150939941
0.031000375747680664,4.917879581451416
0.031999826431274414,4.917862892150879
0.031000137329101562,4.917852878570557
0.032000064849853516,4.917809963226318
0.032000064849853516,4.917809963226318
0.04699993133544922,4.917573928833008
0.03200030326843262,4.917539119720459
0.029999971389770508,4.917436122894287
0.03099989891052246,4.917476177215576
0.031000137329101562,4.917518615722656
0.03099966049194336,4.917590141296387
0.04600262641906738,4.91757345199585
0.0319974422454834,4.917514324188232
0.031000137329101562,4.917496681213379
0.03200101852416992,4.917466163635254
0.03199911117553711,4.917448997497559
0.031999826431274414,4.91740608215332
0.03200030326843262,4.9173407554626465
0.03199911117553711,4.9173264503479
0.031000375747680664,4.917235374450684
0.031000375747680664,4.917235374450684
0.045999765396118164,4.917072772979736
0.031999826431274414,4.9169745445251465
0.03207278251647949,4.916942596435547
0.03199887275695801,4.916989803314209
0.031000614166259766,4.917149066925049
0.032000064849853516,4.917239665985107
0.029999256134033203,4.917283058166504
0.031000614166259766,4.917283058166504
0.04799938201904297,4.917369365692139
0.031000137329101562,4.917370796203613
0.031000375747680664,4.917393207550049
0.032000064849853516,4.9174652099609375
0.031999826431274414,4.917592525482178
0.032000064849853516,4.917857646942139
0.032000064849853516,4.917957305908203
0.03099966049194336,4.917996883392334
0.031000137329101562,4.917996883392334
0.04700040817260742,4.918055057525635
0.03200197219848633,4.918026924133301
0.030997753143310547,4.917993545532227
0.03099966049194336,4.918055534362793
0.03200125694274902,4.918186664581299
0.031998634338378906,4.918274879455566
0.031000375747680664,4.91831111907959
0.031000137329101562,4.91831111907959
0.04699993133544922,4.918247222900391
0.03099989891052246,4.918152809143066
0.03200030326843262,4.918124198913574
0.032000064849853516,4.918066024780273
0.031999826431274414,4.918059349060059
0.03099989891052246,4.918033123016357
0.03099989891052246,4.917935848236084
0.031000137329101562,4.917935848236084
0.04700040817260742,4.917696475982666
0.03199958801269531,4.917660713195801
0.031000375747680664,4.917538642883301
0.03199934959411621,4.917574882507324
0.03200030326843262,4.917603015899658
0.032000064849853516,4.917614459991455
0.03100109100341797,4.917595863342285
0.03199887275695801,4.9175543785095215
0.031000375747680664,4.9175543785095215
0.04699993133544922,4.9174675941467285
0.03199958801269531,4.917359352111816
0.031000137329101562,4.91728401184082
0.03099966049194336,4.917304515838623
0.029999732971191406,4.91741418838501
0.031000375747680664,4.917474746704102
0.03099989891052246,4.917474746704102
0.04699993133544922,4.917476654052734
0.031000137329101562,4.917416572570801
0.031000137329101562,4.917412757873535
0.03099989891052246,4.91750955581665
0.032000064849853516,4.917586326599121
0.03099966049194336,4.917612552642822
0.03000044822692871,4.917612552642822
0.04799962043762207,4.9176249504089355
0.03200054168701172,4.91762113571167
0.03199958801269531,4.917598724365234
0.03200030326843262,4.9177680015563965
0.03099989891052246,4.917840957641602
0.03099966049194336,4.91801118850708
0.03200030326843262,4.918093204498291
0.032000064849853516,4.918123245239258
0.030999422073364258,4.918136119842529
0.03200030326843262,4.918136119842529
0.04700064659118652,4.918100357055664
0.029999971389770508,4.91796875
0.03199958801269531,4.917935848236084
0.03200030326843262,4.917891502380371
0.031999826431274414,4.9178547859191895
0.03099966049194336,4.917834281921387
0.03200244903564453,4.917746067047119
0.03099799156188965,4.917746067047119
0.04799962043762207,4.917483329772949
0.03100109100341797,4.91745138168335
0.03199934959411621,4.917296409606934
0.03199958801269531,4.917295932769775
0.031000137329101562,4.9173102378845215
0.03099966049194336,4.9172892570495605
0.03099989891052246,4.917278289794922
0.031002521514892578,4.917278289794922
0.04699826240539551,4.917134761810303
0.030999183654785156,4.917026042938232
0.03000020980834961,4.917001247406006
0.031999826431274414,4.916853427886963
0.03200078010559082,4.916785717010498
0.03099966049194336,4.916720867156982
0.03000020980834961,4.916720867156982
0.04799938201904297,4.9164719581604
0.031000137329101562,4.91640567779541
0.03000020980834961,4.9157867431640625
0.029999971389770508,4.915582180023193
0.029999971389770508,4.915525913238525
0.031000375747680664,4.915525913238525
0.04799914360046387,4.915480613708496
0.03200078010559082,4.9154839515686035
0.030999422073364258,4.915600776672363
0.032000064849853516,4.915694236755371
0.03200268745422363,4.916017055511475
0.0319976806640625,4.916287422180176
0.03199934959411621,4.916464328765869
0.030002355575561523,4.916569232940674
0.03099846839904785,4.916569232940674
0.04600358009338379,4.916891098022461
0.031996965408325195,4.9169745445251465
0.03199958801269531,4.9154229164123535
0.03200030326843262,4.914813041687012
0.03199958801269531,4.9145894050598145
0.031999826431274414,4.914403438568115
0.03099989891052246,4.914368629455566
0.031999826431274414,4.914357662200928
0.031000614166259766,4.914357662200928
0.04799985885620117,4.91456937789917
0.031999826431274414,4.914609432220459
0.03099966049194336,4.914937973022461
0.03200030326843262,4.915057182312012
0.03099966049194336,4.915244102478027
0.031000137329101562,4.91575813293457
0.031000137329101562,4.91583776473999
0.031002521514892578,4.91583776473999
0.0469975471496582,4.910777568817139
0.031999826431274414,4.910531044006348
0.031002283096313477,4.910091876983643
0.0319979190826416,4.91019344329834
0.032000064849853516,4.910401344299316
0.03099966049194336,4.910592079162598
0.031000137329101562,4.910982608795166
0.03099989891052246,4.910982608795166
0.04700040817260742,4.911701679229736
0.03199958801269531,4.910841464996338
0.032000064849853516,4.906089782714844
0.03199958801269531,4.904168128967285
0.03200030326843262,4.902592658996582
0.031000375747680664,4.902419567108154
0.032000064849853516,4.902638912200928
0.029999494552612305,4.902967929840088
0.03200078010559082,4.902967929840088
0.04699969291687012,4.904226779937744
0.030999422073364258,4.9055376052856445
0.03200078010559082,4.906486511230469
0.03199958801269531,4.90692138671875
0.031999826431274414,4.9080634117126465
0.031000137329101562,4.908851146697998
0.03099966049194336,4.909469127655029
0.03000044822692871,4.909469127655029
0.04700303077697754,4.903018951416016
0.031249284744262695,4.900087356567383
0.03147006034851074,4.897950649261475
0.03138852119445801,4.897730827331543
0.03090953826904297,4.897801399230957
0.031000137329101562,4.8981804847717285
0.030999422073364258,4.8981804847717285
0.04699993133544922,4.9005584716796875
0.03200054168701172,4.900798320770264
0.03199958801269531,4.902498245239258
0.03099966049194336,4.903720378875732
0.031000375747680664,4.904765605926514
0.032000064849853516,4.906285762786865
0.031000137329101562,4.90674352645874
0.031999826431274414,4.908175468444824
0.032000064849853516,4.908175468444824
0.046999454498291016,4.891252517700195
0.031000375747680664,4.88565731048584
0.031060457229614258,4.883659362792969
0.03193998336791992,4.883077144622803
0.03199911117553711,4.882838726043701
0.031000375747680664,4.883443355560303
0.029999256134033203,4.884542942047119
0.04600095748901367,4.8861894607543945
0.03099989891052246,4.890227317810059
0.03200078010559082,4.890805721282959
0.03199934959411621,4.893115520477295
0.031000137329101562,4.895288467407227
0.03199958801269531,4.895960330963135
0.03100109100341797,4.898148536682129
0.04500007629394531,4.899211883544922
0.03199887275695801,4.901106834411621
0.03000044822692871,4.903473854064941
0.03200030326843262,4.904212951660156
0.03200364112854004,4.905838489532471
0.03199577331542969,4.9074249267578125
0.032000064849853516,4.907651424407959
0.029999971389770508,4.902608394622803
0.04600024223327637,4.878232955932617
0.03099966049194336,4.854010581970215
0.031000375747680664,4.843776226043701
0.03099989891052246,4.8039045333862305
0.03099989891052246,4.78431510925293
0.03200030326843262,4.776926517486572
0.03199911117553711,4.769577980041504
0.03200054168701172,4.769577980041504
0.03201007843017578,4.773772239685059
0.046999216079711914,4.782977104187012
0.03200054168701172,4.7921881675720215
0.031003236770629883,4.794163227081299
0.03099656105041504,4.803731441497803
0.032000064849853516,4.806083679199219
0.029999732971191406,4.823605537414551
0.031000375747680664,4.823605537414551
0.04800009727478027,4.8525543212890625
0.031000614166259766,4.858634948730469
0.029999732971191406,4.877001762390137
0.03099989891052246,4.882082939147949
0.030999422073364258,4.887409210205078
0.03200030326843262,4.897690773010254
0.031000375747680664,4.897690773010254
0.03200244903564453,4.909149169921875
0.04599738121032715,4.920998573303223
0.032000064849853516,4.930249214172363
0.031999826431274414,4.93348503112793
0.031999826431274414,4.939058303833008
0.031000137329101562,4.944273471832275
0.031002044677734375,4.948634624481201
0.0319979190826416,4.950084209442139
0.032000064849853516,4.950084209442139
0.04600048065185547,4.957070827484131
0.03199958801269531,4.959899425506592
0.03099989891052246,4.9608564376831055
0.031000137329101562,4.960951328277588
0.029999971389770508,4.960305213928223
0.03099989891052246,4.959837913513184
0.045999765396118164,4.959556579589844
0.029999971389770508,4.959322929382324
0.032000064849853516,4.957564830780029
0.03200221061706543,4.956226825714111
0.0319981575012207,4.952018737792969
0.031999826431274414,4.950343132019043
0.031000137329101562,4.949668884277344
0.03000044822692871,4.949668884277344
0.04799938201904297,4.944361686706543
0.03200030326843262,4.940877914428711
0.03099966049194336,4.939380168914795
0.03099966049194336,4.9364423751831055
0.030704021453857422,4.935234069824219
0.030989408493041992,4.933811664581299
0.029761075973510742,4.933811664581299
0.04799842834472656,4.92872953414917
0.032001495361328125,4.925894260406494
0.0319981575012207,4.925013065338135
0.03200030326843262,4.92266845703125
0.03200030326843262,4.921849250793457
0.03199958801269531,4.91988468170166
0.03200101852416992,4.919333457946777
0.030999422073364258,4.917562484741211
0.030999422073364258,4.916991233825684
0.04600048065185547,4.916248798370361
0.030999422073364258,4.91524600982666
0.03200054168701172,4.91497802734375
0.03199958801269531,4.914334774017334
0.031000375747680664,4.914139747619629
0.03200030326843262,4.913766860961914
0.031999826431274414,4.913693428039551
0.030999422073364258,4.913447380065918
0.031001567840576172,4.913447380065918
0.047998666763305664,4.913363456726074
0.03099989891052246,4.913430690765381
0.03200221061706543,4.913501739501953
0.031998395919799805,4.91361665725708
0.03199958801269531,4.913966178894043
0.031000137329101562,4.914109230041504
0.03199958801269531,4.914443492889404
0.03000020980834961,4.9146409034729
0.04600048065185547,4.915066242218018
0.03199934959411621,4.915193557739258
0.031003236770629883,4.915331840515137
0.0319979190826416,4.915682792663574
0.03199911117553711,4.915822505950928
0.03200078010559082,4.916180610656738
0.030999422073364258,4.916293144226074
0.03200101852416992,4.916501522064209
0.045998573303222656,4.916728973388672
0.03200173377990723,4.9168477058410645
0.03199887275695801,4.91689395904541
0.03099989891052246,4.9169440269470215
0.03200078010559082,4.917030334472656
0.031002521514892578,4.917052268981934
0.03199577331542969,4.917065143585205
0.031000852584838867,4.9170756340026855
0.03099989891052246,4.9170756340026855
0.04700016975402832,4.916994571685791
0.030999183654785156,4.916965961456299
0.03200054168701172,4.916904926300049
0.03099989891052246,4.916947841644287
0.03200030326843262,4.9170074462890625
0.031999826431274414,4.917023658752441
0.029999494552612305,4.917032718658447
0.031001806259155273,4.917032718658447
0.047998905181884766,4.917006015777588
0.03200054168701172,4.916947364807129
0.03199911117553711,4.916920185089111
0.03099989891052246,4.916931629180908
0.032000064849853516,4.9169602394104
0.032000064849853516,4.916987419128418
0.03200364112854004,4.916988849639893
0.03099799156188965,4.916947364807129
0.0319974422454834,4.916874408721924
0.03200125694274902,4.916874408721924
0.04700040817260742,4.916804313659668
0.030998706817626953,4.9167890548706055
0.031000614166259766,4.916774272918701
0.03099989891052246,4.916862964630127
0.03099989891052246,4.917103290557861
0.031000375747680664,4.917171955108643
0.031000137329101562,4.917171955108643
0.046999454498291016,4.91736364364624
0.031000137329101562,4.917369365692139
0.029999971389770508,4.917359828948975
0.031000375747680664,4.917453289031982
0.031999826431274414,4.917552471160889
0.031000614166259766,4.9176716804504395
0.031000137329101562,4.9176716804504395
0.04699969291687012,4.917685031890869
0.031999826431274414,4.91760778427124
0.03100109100341797,4.917574882507324
0.03097081184387207,4.917540073394775
0.031664371490478516,4.917594909667969
0.031999826431274414,4.917611598968506
0.03099966049194336,4.917597770690918
0.04500007629394531,4.917524814605713
0.032000064849853516,4.917474746704102
0.03100275993347168,4.917445659637451
0.030997276306152344,4.917479515075684
0.03099989891052246,4.917623043060303
0.031000375747680664,4.91765832901001
0.03199958801269531,4.91769552230835
0.046000003814697266,4.917687892913818
0.03099989891052246,4.917662620544434
0.031000614166259766,4.917601585388184
0.03199934959411621,4.917733192443848
0.03200030326843262,4.9177985191345215
0.03099989891052246,4.917862892150879
0.03099989891052246,4.917935848236084
0.031002044677734375,4.917935848236084
0.04699850082397461,4.91790771484375
0.03099966049194336,4.917881965637207
0.03151702880859375,4.917809009552002
0.031999826431274414,4.917755126953125
0.032000064849853516,4.9177398681640625
0.031000137329101562,4.917661190032959
0.032000064849853516,4.917640209197998
0.03099966049194336,4.917513847351074
0.032000064849853516,4.917513847351074
0.04599905014038086,4.917293071746826
0.03200101852416992,4.917191982269287
0.03099966049194336,4.917092800140381
0.031000375747680664,4.9170637130737305
0.031000137329101562,4.917010307312012
0.03199958801269531,4.916991710662842
0.031000375747680664,4.916991710662842
0.04699993133544922,4.916825294494629
0.03199934959411621,4.916750907897949
0.03000044822692871,4.916678428649902
0.031000137329101562,4.916828155517578
0.03199958801269531,4.916913986206055
0.03000020980834961,4.917010307312012
0.031000375747680664,4.917010307312012
0.04700016975402832,4.9171857833862305
0.03099989891052246,4.917200088500977
0.031999826431274414,4.917195796966553
0.03099966049194336,4.917203426361084
0.032000064849853516,4.917327404022217
0.031000137329101562,4.917369365692139
0.031999826431274414,4.917408466339111
0.031000375747680664,4.917408466339111
0.04699969291687012,4.9173994064331055
0.03099966049194336,4.917375564575195
0.03099989891052246,4.917327880859375
0.03000020980834961,4.917243003845215
0.032003164291381836,4.917208671569824
0.0319974422454834,4.917048454284668
0.03199958801269531,4.916996479034424
0.031000137329101562,4.916996479034424
0.04700040817260742,4.916689872741699
0.031999826431274414,4.916636943817139
0.03199958801269531,4.916532039642334
0.031000614166259766,4.916460037231445
0.031999826431274414,4.916451930999756
0.031003475189208984,4.916426181793213
0.03199648857116699,4.9164276123046875
0.029999971389770508,4.9164276123046875
0.04499983787536621,4.916346549987793
0.032000064849853516,4.91627311706543
0.031999826431274414,4.916256427764893
0.031000137329101562,4.916289329528809
0.031999826431274414,4.916464805603027
0.031000375747680664,4.916530609130859
0.03199934959411621,4.916632652282715
0.04600048065185547,4.916709899902344
0.031000137329101562,4.916754722595215
0.03200054168701172,4.916794776916504
0.03199887275695801,4.917052268981934
0.03200054168701172,4.917150020599365
0.03099989891052246,4.9173126220703125
0.031000137329101562,4.917374610900879
0.031999826431274414,4.917488098144531
0.03100132942199707,4.917488098144531
0.047998666763305664,4.9175190925598145
0.031000375747680664,4.917508125305176
0.03100109100341797,4.917507648468018
0.031998395919799805,4.917736530303955
0.032000064849853516,4.91782283782959
0.03199958801269531,4.9179511070251465
0.03200030326843262,4.91799783706665
0.03200101852416992,4.9180588722229
0.030999422073364258,4.918066501617432
0.04699993133544922,4.918027877807617
0.03099966049194336,4.918004989624023
0.031000137329101562,4.91798210144043
0.031000614166259766,4.9181365966796875
0.030999183654785156,4.918190956115723
0.03099989891052246,4.918238639831543
0.03100109100341797,4.918238639831543
0.046999454498291016,4.9182024002075195
0.03199958801269531,4.918099403381348
0.031000375747680664,4.918062686920166
0.03200030326843262,4.91789436340332
0.03199958801269531,4.917844295501709
0.031999826431274414,4.917639255523682
0.031000137329101562,4.917580604553223
0.03199958801269531,4.917417049407959
0.031000137329101562,4.917417049407959
0.04600167274475098,4.917184829711914
0.0319981575012207,4.917031764984131
0.03200030326843262,4.916983127593994
0.031000375747680664,4.916933536529541
0.03200054168701172,4.916952610015869
0.03199911117553711,4.916978359222412
0.03099989891052246,4.916987895965576
0.03099989891052246,4.916969299316406
0.031999826431274414,4.916969299316406
0.04600048065185547,4.916896343231201
0.032002925872802734,4.916842937469482
0.03199958801269531,4.91682767868042
0.0319972038269043,4.916877269744873
0.031000137329101562,4.916979789733887
0.032000064849853516,4.917024612426758
0.030999422073364258,4.9171037673950195
0.03200197219848633,4.917119979858398
0.03200054168701172,4.917119979858398
0.04599809646606445,4.9170966148376465
0.031999826431274414,4.917073726654053
0.03099966049194336,4.917036533355713
0.03200054168701172,4.917102813720703
0.031000137329101562,4.917272090911865
0.029999732971191406,4.917332649230957
0.04600024223327637,4.917448997497559
0.03199958801269531,4.91748046875
0.03200054168701172,4.917490005493164
0.031999826431274414,4.9175848960876465
0.032000064849853516,4.917639255523682
0.032000064849853516,4.917756080627441
0.03199958801269531,4.917812824249268
0.032003164291381836,4.917822360992432
0.031996965408325195,4.917817115783691
0.03000164031982422,4.917817115783691
0.04499959945678711,4.9177656173706055
0.03199911117553711,4.917672157287598
0.031999826431274414,4.917651653289795
0.03138566017150879,4.917681694030762
0.03069019317626953,4.917708873748779
0.03143787384033203,4.917726516723633
0.031001806259155273,4.917726516723633
0.04799842834472656,4.917640209197998
0.03200030326843262,4.9176130294799805
0.03199958801269531,4.917540550231934
0.031000614166259766,4.917503356933594
0.03199958801269531,4.917507648468018
0.030386924743652344,4.917469024658203
0.031949758529663086,4.917458534240723
0.030999183654785156,4.917372226715088
0.032000064849853516,4.917372226715088
0.04585671424865723,4.917140960693359
0.029999971389770508,4.917094707489014
0.03000044822692871,4.917003631591797
0.030999183654785156,4.916923522949219
0.030001163482666016,4.916876792907715
0.047385215759277344,4.916774272918701
0.03183794021606445,4.916657447814941
0.03199911117553711,4.916568279266357
0.031000614166259766,4.916574001312256
0.03099966049194336,4.916706562042236
0.03000044822692871,4.916759967803955
0.031999826431274414,4.916827201843262
0.031128883361816406,4.916827201843262
0.04699969291687012,4.9168620109558105
0.03161811828613281,4.916839599609375
0.031000137329101562,4.916849136352539
0.03099966049194336,4.916942119598389
0.03099966049194336,4.917166709899902
0.03000020980834961,4.91723108291626
0.03099966049194336,4.91723108291626
0.048000335693359375,4.9174485206604
0.03099989891052246,4.917483329772949
0.03200030326843262,4.917483329772949
0.03000020980834961,4.917496204376221
0.03199958801269531,4.917625904083252
0.032000064849853516,4.917703628540039
0.03100109100341797,4.9177093505859375
0.030999183654785156,4.9177093505859375
0.04699993133544922,4.9176788330078125
0.031999826431274414,4.91762638092041
0.03000020980834961,4.9175705909729
0.03199958801269531,4.917714595794678
0.030002117156982422,4.917806148529053
0.031998634338378906,4.917982578277588
0.03199911117553711,4.918063163757324
0.032000064849853516,4.918063163757324
0.04700064659118652,4.918029308319092
0.030999183654785156,4.917994499206543
0.031000375747680664,4.917973041534424
0.031999826431274414,4.91810941696167
0.03100132942199707,4.9181599617004395
0.030999183654785156,4.918210029602051
0.029999971389770508,4.918210029602051
0.046999454498291016,4.918191909790039
0.031000614166259766,4.918145179748535
0.03099989891052246,4.918020725250244
0.031999826431274414,4.918045997619629
0.032000064849853516,4.918034076690674
0.029999732971191406,4.918006420135498
0.031000137329101562,4.91795015335083
0.04699993133544922,4.917845726013184
0.03200078010559082,4.917710304260254
0.03199934959411621,4.917583465576172
0.03099966049194336,4.917603969573975
0.03200030326843262,4.917635917663574
0.029999971389770508,4.917694568634033
0.031000137329101562,4.917701244354248
0.031000137329101562,4.917701244354248
0.04599952697753906,4.917569637298584
0.03200030326843262,4.917520523071289
0.029999256134033203,4.917482852935791
0.031000375747680664,4.917603015899658
0.031000852584838867,4.917664527893066
0.03199934959411621,4.917782306671143
0.031000137329101562,4.917782306671143
0.048000335693359375,4.917822360992432
0.030999422073364258,4.917766571044922
0.03199958801269531,4.917740345001221
0.031000375747680664,4.917713642120361
0.031000614166259766,4.917773723602295
0.03199958801269531,4.9178056716918945
0.03000044822692871,4.917791366577148
0.032000064849853516,4.917791366577148
0.04599952697753906,4.917701244354248
0.03200030326843262,4.917633056640625
0.029999494552612305,4.917564392089844
0.03200054168701172,4.917689323425293
0.03200101852416992,4.917768955230713
0.031998634338378906,4.91787576675415
0.032000064849853516,4.91791296005249
0.03099989891052246,4.91791296005249
0.04600024223327637,4.917923450469971
0.031999826431274414,4.917907238006592
0.03099989891052246,4.917855262756348
0.03099989891052246,4.917821884155273
0.03200078010559082,4.9178266525268555
0.03199911117553711,4.917774677276611
0.03099989891052246,4.917675018310547
0.031000375747680664,4.917675018310547
0.046000003814697266,4.917557716369629
0.031000375747680664,4.917385578155518
0.030000925064086914,4.917296409606934
0.03200197219848633,4.917280197143555
0.031996726989746094,4.917306900024414
0.032000064849853516,4.917309284210205
0.030495882034301758,4.917309284210205
0.04708528518676758,4.917189598083496
0.02998208999633789,4.9171271324157715
0.03200030326843262,4.917057514190674
0.03099989891052246,4.917017936706543
0.030998945236206055,4.917032718658447
0.03200101852416992,4.917008399963379
0.03099966049194336,4.917008399963379
0.04700064659118652,4.916944980621338
0.032002925872802734,4.916879177093506
0.03199625015258789,4.916844367980957
0.03200054168701172,4.916906833648682
0.029999732971191406,4.916996955871582
0.032000064849853516,4.917043209075928
0.03099989891052246,4.917123317718506
0.03099989891052246,4.917135715484619
0.046999454498291016,4.917125225067139
0.031000137329101562,4.917069435119629
0.03199958801269531,4.917069435119629
0.031000614166259766,4.91708517074585
0.031000375747680664,4.917085647583008
0.03099966049194336,4.917069911956787
0.03200030326843262,4.917027950286865
0.03199934959411621,4.916998386383057
0.04600024223327637,4.916939735412598
0.031000137329101562,4.916831970214844
0.031000137329101562,4.9167914390563965
0.03099989891052246,4.9168171882629395
0.031999826431274414,4.916959762573242
0.031000137329101562,4.917010307312012
0.031000137329101562,4.917067527770996
0.04699969291687012,4.9170989990234375
0.031000614166259766,4.91710901260376
0.03099966049194336,4.917118549346924
0.03064250946044922,4.917322158813477
0.03000044822692871,4.917399883270264
0.031450510025024414,4.917506217956543
0.03052043914794922,4.917506217956543
0.04578137397766113,4.917559623718262
0.03166079521179199,4.9175238609313965
0.031996726989746094,4.917490005493164
0.032000064849853516,4.917555809020996
0.03200054168701172,4.917707920074463
0.03099989891052246,4.917768955230713
0.031000137329101562,4.917876243591309
0.031999826431274414,4.917876243591309
0.04699993133544922,4.917897701263428
0.032000064849853516,4.917849540710449
0.029999494552612305,4.917819023132324
0.03200030326843262,4.917804718017578
0.03200030326843262,4.917836666107178
0.03199958801269531,4.91783332824707
0.029999971389770508,4.917779922485352
0.04600024223327637,4.917688369750977
0.032000064849853516,4.917664527893066
0.031999826431274414,4.917512893676758
0.03200030326843262,4.917505264282227
0.03211331367492676,4.91750955581665
0.03199958801269531,4.917508602142334
0.03099989891052246,4.917508602142334
0.030003070831298828,4.917477130889893
0.030997514724731445,4.917477130889893
0.04799938201904297,4.917362689971924
0.03200054168701172,4.917306423187256
0.03199958801269531,4.917206287384033
0.03200030326843262,4.917343616485596
0.031999826431274414,4.917428970336914
0.031000137329101562,4.917605400085449
0.03199958801269531,4.917690277099609
0.031000614166259766,4.917720794677734
0.031510353088378906,4.917747974395752
0.046000003814697266,4.917769908905029
0.03141188621520996,4.917740345001221
0.031000137329101562,4.917697906494141
0.032000064849853516,4.917720317840576
0.03209948539733887,4.91780424118042
0.03195476531982422,4.917829990386963
0.03199911117553711,4.917840003967285
0.03200054168701172,4.917810440063477
0.032013893127441406,4.917807102203369
0.046000003814697266,4.917705059051514
0.03200793266296387,4.917644023895264
0.03199958801269531,4.91756010055542
0.03200054168701172,4.917572498321533
0.030998945236206055,4.91760778427124
0.032000064849853516,4.917677402496338
0.031000852584838867,4.917683124542236
0.03099989891052246,4.917669773101807
0.03099989891052246,4.917669773101807
0.048000335693359375,4.917529106140137
0.03099370002746582,4.917503356933594
0.031998634338378906,4.917394161224365
0.031000375747680664,4.917449951171875
0.03099989891052246,4.917581558227539
0.030859947204589844,4.91764497756958
0.03199958801269531,4.917745113372803
0.031000137329101562,4.917745113372803
0.04799914360046387,4.917746067047119
0.03100109100341797,4.917732238769531
0.031803131103515625,4.917686462402344
0.03156304359436035,4.91774320602417
0.031221866607666016,4.9179182052612305
0.03099966049194336,4.917956352233887
0.03200173377990723,4.918020725250244
0.029999256134033203,4.918020725250244
0.04800152778625488,4.9179792404174805
0.03199887275695801,4.917896270751953
0.030998945236206055,4.9178547859191895
0.03200030326843262,4.917803764343262
0.029999256134033203,4.917778015136719
0.03200101852416992,4.917746543884277
0.031000137329101562,4.917705059051514
0.030362844467163086,4.917705059051514
0.04633784294128418,4.917428016662598
0.03000020980834961,4.917367458343506
0.03099966049194336,4.91731071472168
0.032000064849853516,4.917403221130371
0.03099966049194336,4.9174485206604
0.03200054168701172,4.917529582977295
0.046000003814697266,4.917593002319336
0.032000064849853516,4.917592525482178
0.031999826431274414,4.91768741607666
0.032000064849853516,4.917777061462402
0.030999422073364258,4.917931079864502
0.031000614166259766,4.918150901794434
0.031000137329101562,4.918267726898193
0.03199911117553711,4.918315887451172
0.031000852584838867,4.918315887451172
0.04799938201904297,4.918308734893799
0.029999971389770508,4.918278217315674
0.031000614166259766,4.918240070343018
0.031999826431274414,4.918088436126709
0.031999826431274414,4.91803503036499
0.031000137329101562,4.917725086212158
0.03199958801269531,4.917661190032959
0.031000375747680664,4.917661190032959
0.04700040817260742,4.917269706726074
0.03099966049194336,4.917109966278076
0.031000137329101562,4.917049884796143
0.031000375747680664,4.91707706451416
0.03199958801269531,4.917103290557861
0.03199958801269531,4.917116641998291
0.03099989891052246,4.917111396789551
0.04600024223327637,4.917093276977539
0.031000614166259766,4.9170637130737305
0.03199934959411621,4.91702127456665
0.031000137329101562,4.917046070098877
0.031000137329101562,4.917146682739258
0.03199934959411621,4.9171833992004395
0.031000375747680664,4.917232513427734
0.031000137329101562,4.917232513427734
0.04700016975402832,4.917204856872559
0.030999422073364258,4.917153358459473
0.03100109100341797,4.917102336883545
0.03199934959411621,4.917073726654053
0.031109094619750977,4.917073726654053
0.031000137329101562,4.917049884796143
0.031999826431274414,4.917019844055176
0.03099966049194336,4.917019844055176
0.04700064659118652,4.916903972625732
0.03099966049194336,4.916808605194092
0.03200030326843262,4.916740894317627
0.03199958801269531,4.916784763336182
0.031000137329101562,4.9169464111328125
0.03199958801269531,4.917049407958984
0.030001163482666016,4.9170918464660645
0.0320584774017334,4.9170918464660645
0.03210639953613281,4.917178630828857
0.04624319076538086,4.917174339294434
0.0303955078125,4.917163372039795
0.031346797943115234,4.917129039764404
0.031999826431274414,4.917145729064941
0.03099989891052246,4.917144298553467
0.032000064849853516,4.91714334487915
0.032000064849853516,4.91714334487915
0.04700016975402832,4.91704797744751
0.03099966049194336,4.916994571685791
0.031000375747680664,4.91696834564209
0.031000137329101562,4.91693115234375
0.03099966049194336,4.916844844818115
0.03099989891052246,4.916759014129639
0.031000137329101562,4.916759014129639
0.04680681228637695,4.916551113128662
0.02984476089477539,4.916484355926514
0.03058791160583496,4.916507244110107
0.031000137329101562,4.916593074798584
0.03136181831359863,4.916724681854248
0.030940771102905273,4.916724681854248
0.04674100875854492,4.916906833648682
0.03200054168701172,4.916921138763428
0.032000064849853516,4.916971206665039
0.03200030326843262,4.917140007019043
0.030998945236206055,4.917246341705322
0.03200054168701172,4.917466163635254
0.029999971389770508,4.917573928833008
0.031000137329101562,4.917618751525879
0.04699993133544922,4.91768741607666
0.03099989891052246,4.917684078216553
0.03099989891052246,4.917685031890869
0.031000375747680664,4.917891979217529
0.031999826431274414,4.918013572692871
0.03099989891052246,4.918067455291748
0.032000064849853516,4.918133735656738
0.031000137329101562,4.918133735656738
0.046999454498291016,4.918106555938721
0.031000375747680664,4.91803503036499
0.031000137329101562,4.918002128601074
0.031999826431274414,4.917961120605469
0.03099989891052246,4.917941093444824
0.03200030326843262,4.917916297912598
0.032000064849853516,4.917874813079834
0.04506969451904297,4.917724609375
0.031435489654541016,4.917688369750977
0.032003164291381836,4.917572975158691
0.030996322631835938,4.917641639709473
0.03200054168701172,4.917674541473389
0.031999826431274414,4.917697429656982
0.03199934959411621,4.917694568634033
0.031000614166259766,4.917672157287598
0.04500007629394531,4.917625427246094
0.03199958801269531,4.917524814605713
0.03200054168701172,4.917471408843994
0.03099966049194336,4.917466163635254
0.03200030326843262,4.9175310134887695
0.032000064849853516,4.9175639152526855
0.03199958801269531,4.917561054229736
0.031000137329101562,4.917534828186035
0.031000137329101562,4.917534828186035
0.03200340270996094,4.9175190925598145
0.04799652099609375,4.9173688888549805
0.03099989891052246,4.917335510253906
0.031000614166259766,4.917243957519531
0.031999826431274414,4.917281627655029
0.030001401901245117,4.917362213134766
0.03200030326843262,4.917413234710693
0.0319981575012207,4.917456150054932
0.03200030326843262,4.917456150054932
0.046999454498291016,4.917431354522705
0.03200078010559082,4.917352676391602
